56.88048245614035
60.69764254385965
63.60334429824561
67.9139254385965
71.08004385964912
74.35581140350878
77.7891995614035
81.3048245614035
84.14884868421053
86.10197368421053
85.75932017543859
78.29632675438597
85.07401315789474
88.25383771929825
83.0455043859649
79.5984100877193
89.24753289473685
86.6296600877193
84.99177631578947
89.34347587719299
89.70668859649122
92.82483552631578
93.1263706140351
83.8610197368421
79.44764254385966
91.4610745614035
87.47258771929825
83.41557017543859
90.81003289473685
88.46628289473685
85.98547149122807
92.86595394736842
95.77850877192982
96.5734649122807
95.76480263157895
93.79797149122807
94.22286184210526
78.0016447368421
83.81990131578947
85.69078947368422
96.42269736842105
96.83388157894737
97.40268640350878
96.9983552631579
97.84813596491229
97.89610745614034
97.96463815789474
97.9920504385965
98.00575657894737
98.02631578947368
98.04002192982456
98.05372807017544
98.06058114035088
98.07428728070175
98.08799342105263
98.1359649122807
98.1359649122807
98.14967105263158
98.14967105263158
98.14967105263158
98.14967105263158
98.14967105263158
98.14967105263158
98.15652412280701
98.15652412280701
98.16337719298247
98.16337719298247
98.16337719298247
98.16337719298247
98.16337719298247
98.16337719298247
98.16337719298247
98.1702302631579
98.18393640350878
98.19078947368422
98.19078947368422
98.19078947368422
98.19078947368422
98.19764254385966
98.18393640350878
98.18393640350878
98.17708333333334
98.17708333333334
98.17708333333334
98.17708333333334
98.17708333333334
98.1702302631579
98.18393640350878
98.19764254385966
98.2044956140351
98.21820175438597
98.21820175438597
98.21820175438597
98.21820175438597
98.21820175438597
98.21820175438597
98.21820175438597
98.21820175438597
98.21820175438597
98.21820175438597
