190.6135248552289
186.83300915099028
182.07138007983826
172.8624985008909
164.89226491827714
157.26750076026246
149.3726198966043
141.07457371761924
133.98771332857902
129.13849479273745
128.3739511590255
148.0837164092482
131.5058783815618
121.28719249524568
135.37261547958641
144.84769961708471
118.34907116806298
122.76924601772376
125.94456655937329
116.31134662293552
117.58514109829017
109.3832703975209
108.36965862073396
127.18655368738007
137.58479523240473
110.56509961579975
119.39040950306675
128.824333324767
114.60997102971663
121.8375253510057
127.71105167321991
108.89676559180545
100.2262555841814
97.71139312208744
99.47922355250309
104.06525983308491
105.14555051033958
149.13153169866195
133.55626450923452
128.77901525664748
97.68219877544202
97.06841104072437
94.95469491523609
95.93935755679482
93.89449979547868
93.42618815104167
93.32474477667557
93.18217066714638
93.09159436142235
93.03336253919099
92.99658778675816
92.95493182801364
92.91759571276214
92.87924863581071
92.81979316577576
92.80134689598752
92.70530794377913
92.66217362253289
92.65147814834327
92.64965097527755
92.64442443847656
92.64160865649842
92.63467715079324
92.62392612925747
92.61750124211898
92.60694390012507
92.60015869140625
92.59997973525734
92.59792515269497
92.59708351001404
92.59574421665124
92.59381023206208
92.57034355297424
92.55378522370991
92.53779762669613
92.53705181991845
92.52469179923074
92.52220167193497
92.50880418744003
92.5361611884937
92.53332452606736
92.55173947518333
92.5468166418243
92.5445417437637
92.54287920500103
92.54234153346012
92.56542808131168
92.56256357828777
92.49583796450966
92.48505267762302
92.43970302113316
92.44785268683182
92.4447270443565
92.44311978524192
92.4420425682737
92.44147785922937
92.44108072916667
92.44074998822128
92.44042339659573
92.43951656943874
